     0/249     7.71G      4.92      3.45      2.25      10.6         9       512     0.234     0.488     0.301     0.315       4.4      1.69      1.25
     1/249     7.72G      3.53      1.89      1.06      6.47        15       512      0.45     0.629     0.489     0.515      3.16      1.41      1.08
     2/249     7.72G       3.1      1.68     0.894      5.67        23       512     0.464     0.592     0.477     0.515      3.11      1.39      1.07
     3/249     7.72G      2.87       1.6     0.852      5.32        21       512     0.507     0.644     0.534     0.565      2.87      1.27     0.985
     4/249     7.72G      2.75      1.52     0.788      5.06        11       512     0.463     0.656     0.524     0.542      2.89      1.21      1.03
     5/249     7.72G      2.67      1.47     0.744      4.88        12       512     0.491     0.648     0.549     0.556      2.84      1.16      1.02
     6/249     7.72G      2.59      1.39     0.683      4.66        14       512     0.538     0.654     0.552     0.584      2.72      1.18      1.05
     7/249     7.72G      2.54      1.38     0.638      4.56         9       512     0.553     0.608     0.537     0.578      2.75      1.16      1.07
     8/249     7.72G       2.5      1.35     0.601      4.46        25       512       0.5     0.656     0.525     0.563      2.75      1.18      1.22
     9/249     7.72G      2.47      1.35     0.562      4.38        21       512     0.544     0.647     0.533     0.589      2.77      1.19      1.14
    10/249     7.72G      2.43      1.34     0.546      4.32        15       512     0.518     0.659      0.54      0.58      2.74      1.19       1.1
    11/249     7.72G      2.42      1.32     0.508      4.24        16       512     0.557     0.661     0.556     0.603      2.69      1.19      1.13
    12/249     7.72G      2.39      1.31     0.521      4.22        17       512     0.544     0.655      0.55     0.589      2.75      1.24      1.13
    13/249     7.72G      2.38       1.3     0.492      4.17        11       512     0.539     0.649     0.533     0.584       2.7      1.25      1.25
    14/249     7.72G      2.36      1.31     0.466      4.13        16       512     0.505     0.657     0.531      0.57      2.72       1.2      1.21
    15/249     7.72G      2.32       1.3     0.426      4.05        19       512     0.535     0.644      0.54     0.583      2.73      1.22      1.21
    16/249     7.72G       2.3      1.26     0.432         4        24       512      0.51     0.686     0.554     0.583      2.68       1.2      1.13
    17/249     7.72G      2.28      1.24     0.384       3.9        37       512     0.546     0.671      0.55     0.602      2.73      1.22      1.14
    18/249     7.72G      2.24      1.23       0.4      3.87        15       512     0.503     0.668     0.549     0.574      2.73      1.23      1.22
    19/249     7.72G      2.27      1.24     0.421      3.93        15       512      0.51     0.671     0.547     0.575      2.69      1.23      1.23
    20/249     7.72G      2.25      1.23     0.389      3.87        38       512     0.549     0.672     0.557     0.604      2.71      1.23      1.24
    21/249     7.72G       2.2      1.21     0.367      3.78        20       512     0.572     0.642     0.537     0.604      2.71      1.26      1.21
    22/249     7.72G      2.17      1.21     0.327      3.71        30       512     0.551     0.667     0.541     0.603       2.7      1.23      1.31
    23/249     7.72G      2.16      1.19     0.299      3.65        31       512     0.561     0.667     0.557     0.609      2.68      1.24      1.31
    24/249     7.72G      2.14      1.17     0.309      3.62        30       512     0.556     0.648     0.539     0.598      2.67      1.26      1.34
    25/249     7.72G      2.14      1.19     0.322      3.65        14       512     0.549     0.664     0.535       0.6       2.7      1.28      1.27
    26/249     7.72G      2.11      1.16     0.329       3.6        24       512     0.535     0.674     0.539     0.594      2.74      1.24       1.3
    27/249     7.72G      2.11      1.16     0.271      3.54        14       512      0.55     0.645     0.531     0.594      2.74      1.28      1.41
    28/249     7.72G       2.1      1.16     0.293      3.54        27       512      0.51      0.67     0.536     0.578      2.66      1.25       1.3
    29/249     7.72G      2.08      1.16     0.276      3.51        12       512     0.561     0.669     0.552     0.609       2.7      1.27       1.2
    30/249     7.72G      2.09      1.15      0.28      3.52        17       512     0.536     0.664     0.548     0.593      2.71      1.25      1.35
    31/249     7.72G      2.05      1.13     0.247      3.42         7       512     0.568     0.666     0.561     0.613      2.67      1.24      1.31
    32/249     7.72G      2.05      1.11     0.262      3.43        14       512     0.554     0.652      0.55     0.599      2.69      1.27      1.34
    33/249     7.72G      2.04      1.13     0.269      3.43        14       512     0.564     0.652     0.547     0.604      2.72      1.28       1.3
    34/249     7.72G      2.03      1.12     0.267      3.42        12       512     0.551     0.661     0.547     0.601      2.69      1.26      1.37
    35/249     7.72G      2.01      1.15     0.243       3.4        12       512      0.56     0.661     0.548     0.606      2.67      1.29      1.34
    36/249     7.72G      2.01      1.09      0.22      3.32        13       512     0.537     0.658     0.539     0.591      2.69      1.31      1.36
    37/249     7.72G      2.01       1.1     0.256      3.36        26       512     0.549     0.647     0.534     0.594      2.73       1.3       1.3
    38/249     7.72G      1.98       1.1     0.217       3.3        16       512     0.513     0.654     0.536     0.575      2.71      1.29      1.39
    39/249     7.72G      1.96      1.09     0.237      3.29        18       512     0.556     0.642      0.53     0.595      2.72      1.32      1.43
    40/249     7.72G      1.94       1.1     0.228      3.27        13       512     0.542     0.658     0.534     0.593      2.72      1.32      1.44
    41/249     7.72G      1.93      1.07     0.221      3.22        17       512      0.55     0.658     0.542     0.596      2.78      1.34      1.36
    42/249     7.72G      1.94      1.07      0.21      3.22        25       512     0.565     0.668     0.548     0.611      2.71       1.3      1.31
    43/249     7.72G      1.89      1.05     0.187      3.13        19       512     0.565     0.646     0.534     0.602      2.75      1.37      1.48
    44/249     7.72G      1.92      1.05     0.225       3.2        18       512     0.544     0.664     0.538     0.597      2.72      1.34      1.41
    45/249     7.72G      1.89      1.07     0.205      3.16        17       512     0.564     0.648     0.532     0.603      2.69      1.35      1.42
    46/249     7.72G      1.88      1.06     0.208      3.15        16       512     0.547     0.682     0.553     0.606       2.7       1.3      1.35
    47/249     7.72G      1.87      1.06     0.214      3.14        29       512     0.565     0.641     0.543     0.601      2.72      1.36      1.42
    48/249     7.72G      1.89      1.04     0.203      3.13        18       512     0.557     0.644     0.526     0.597      2.73      1.33      1.42
    49/249     7.72G      1.86      1.02     0.209      3.09        17       512     0.564      0.67     0.549     0.611      2.71      1.33      1.25
    50/249     7.72G      1.86      1.04     0.203       3.1        26       512      0.55     0.658     0.529     0.598      2.71      1.31      1.41
    51/249     7.72G      1.83      1.03     0.205      3.07         6       512     0.555     0.667     0.544     0.605      2.69      1.33      1.35
    52/249     7.72G      1.83      1.04     0.178      3.04        16       512     0.549     0.656     0.535     0.598       2.7      1.33      1.33
    53/249     7.72G      1.82      1.02     0.171      3.01        12       512     0.546     0.662     0.545     0.598      2.71      1.31      1.44
    54/249     7.72G      1.83      1.01     0.179      3.02         9       512     0.582     0.645      0.54      0.61      2.75      1.38      1.39
    55/249     7.72G       1.8      1.02     0.182      2.99        25       512     0.563     0.659     0.528     0.607      2.73      1.34      1.48
    56/249     7.72G      1.81     0.984     0.172      2.96        19       512     0.574     0.655     0.546      0.61      2.73      1.36      1.46
    57/249     7.72G      1.78      0.99     0.164      2.93        15       512     0.543     0.643     0.524     0.589      2.72      1.35      1.51
    58/249     7.72G      1.78     0.984     0.164      2.93        17       512     0.565     0.658     0.542     0.607      2.72      1.35      1.43
    59/249     7.72G      1.78      1.01     0.164      2.95         8       512     0.568     0.642     0.532     0.602      2.72      1.38      1.49
    60/249     7.72G      1.77     0.987     0.169      2.92        29       512      0.57     0.645      0.54     0.604      2.72      1.38       1.3
    61/249     7.72G      1.77     0.981      0.18      2.93        33       512     0.573     0.667     0.549     0.616       2.7      1.38      1.37
    62/249     7.72G      1.76     0.976     0.172       2.9        31       512     0.562     0.667     0.543     0.609      2.69      1.38      1.32
    63/249     7.72G      1.74     0.958     0.155      2.85        16       512      0.58     0.663     0.544     0.619       2.7      1.43      1.33
    64/249     7.72G      1.71     0.959     0.141      2.81        21       512     0.582     0.647     0.534     0.612      2.71       1.4      1.38
    65/249     7.72G      1.71     0.944     0.155      2.81        18       512     0.554     0.654     0.537     0.599       2.7      1.42      1.34
    66/249     7.72G      1.71      0.96     0.164      2.83        27       512     0.574      0.64     0.533     0.605      2.71      1.41      1.37
    67/249     7.72G       1.7     0.955     0.146      2.81        13       512     0.576     0.655     0.536     0.612      2.72      1.41      1.34
    68/249     7.72G       1.7     0.945     0.156       2.8        13       512     0.582     0.647     0.543     0.612       2.7      1.42      1.36
    69/249     7.72G      1.68     0.938     0.143      2.76        29       512     0.586     0.656     0.543     0.618       2.7      1.42      1.36
    70/249     7.72G      1.68     0.931     0.146      2.75        31       512     0.578     0.659     0.543     0.615      2.69      1.46       1.4
    71/249     7.72G      1.69     0.953     0.166      2.81        22       512     0.561     0.663     0.541     0.607       2.7      1.38      1.39
    72/249     7.72G      1.66     0.938     0.142      2.74        23       512     0.593     0.657     0.536     0.623      2.72      1.46      1.33
    73/249     7.72G      1.67     0.935     0.153      2.76        28       512     0.576     0.657     0.542     0.614      2.74      1.41      1.36
    74/249     7.72G      1.65     0.916     0.142       2.7        20       512      0.58     0.662     0.546     0.618      2.74      1.42      1.33
    75/249     7.72G      1.64     0.926     0.149      2.71        31       512     0.591     0.645     0.541     0.616      2.72      1.45      1.41
    76/249     7.72G      1.64     0.919     0.146      2.71        16       512     0.576     0.651     0.542     0.611      2.71      1.47      1.42
    77/249     7.72G      1.62     0.909      0.13      2.66        21       512     0.589     0.656      0.54      0.62      2.74      1.45      1.39
    78/249     7.72G      1.62     0.926     0.148       2.7        20       512     0.595      0.67     0.548     0.629      2.68      1.44      1.39
    79/249     7.72G      1.61     0.925     0.138      2.67         8       512     0.581     0.661     0.533     0.618      2.71      1.41       1.4
    80/249     7.72G      1.62      0.92     0.132      2.68        31       512     0.591      0.66     0.538     0.623      2.71      1.42       1.4
    81/249     7.72G      1.59       0.9      0.13      2.62        33       512     0.596     0.648     0.536      0.62      2.73      1.49      1.42
    82/249     7.72G      1.59     0.897     0.128      2.61        24       512     0.589     0.653     0.543     0.618      2.72      1.45      1.35
    83/249     7.72G       1.6     0.893     0.119      2.62        25       512       0.6     0.663     0.547      0.63      2.68      1.47      1.38
    84/249     7.72G      1.59     0.899     0.134      2.63        22       512     0.593      0.66     0.538     0.624       2.7      1.46      1.35
    85/249     7.72G      1.57     0.909      0.12       2.6        15       512     0.596     0.651     0.535     0.622       2.7      1.47      1.37
    86/249     7.72G      1.56     0.875     0.117      2.55        20       512     0.591     0.651     0.538     0.619      2.71      1.49      1.39
    87/249     7.72G      1.57     0.877     0.122      2.57        17       512      0.59     0.655     0.535      0.62      2.72       1.5      1.38
    88/249     7.72G      1.53     0.867     0.121      2.52        16       512     0.598     0.658     0.537     0.626      2.71      1.48      1.38
    89/249     7.72G      1.55     0.879     0.138      2.57        23       512     0.592      0.65     0.538     0.618      2.73       1.5      1.39
    90/249     7.72G      1.55     0.876     0.143      2.57         9       512     0.599     0.652     0.539     0.623       2.7      1.48      1.37
    91/249     7.72G      1.53     0.856     0.124      2.51         6       512     0.582     0.643     0.534      0.61      2.71      1.51      1.39
    92/249     7.72G      1.52     0.846     0.119      2.49        18       512     0.584     0.652     0.527     0.615      2.72      1.53      1.36
    93/249     7.72G      1.54     0.874     0.128      2.54        17       512     0.586     0.642     0.531     0.612      2.71       1.5      1.41
    94/249     7.72G      1.52     0.848     0.119      2.48        22       512     0.586     0.644     0.523     0.613       2.7      1.52      1.44
    95/249     7.72G      1.51     0.856     0.117      2.48        12       512     0.589     0.646     0.529     0.616      2.68      1.51       1.4
    96/249     7.72G      1.49      0.84     0.116      2.45        20       512     0.596     0.643     0.535     0.618       2.7      1.53      1.39
    97/249     7.72G      1.49      0.85     0.125      2.47        14       512     0.586      0.63     0.526     0.607      2.68      1.54      1.43
    98/249     7.72G       1.5     0.859      0.12      2.48        17       512     0.592      0.65     0.533     0.619      2.68      1.51      1.38
    99/249     7.72G      1.48     0.833     0.109      2.42        13       512     0.589     0.646     0.537     0.616      2.68       1.5      1.38
   100/249     7.72G      1.48     0.846     0.108      2.44        22       512     0.596     0.648     0.535      0.62       2.7      1.53      1.38
   101/249     7.72G      1.48     0.839     0.112      2.43        22       512     0.592     0.635     0.527     0.612      2.71      1.56       1.4
   102/249     7.72G      1.45     0.825    0.0983      2.38        33       512       0.6     0.632      0.53     0.614      2.69      1.58      1.43
   103/249     7.72G      1.48     0.838     0.106      2.42        23       512     0.586     0.629     0.525     0.606      2.71      1.56      1.47
   104/249     7.72G      1.46     0.836      0.11      2.41        24       512     0.597     0.635      0.53     0.614      2.71      1.55      1.47
   105/249     7.72G      1.46     0.828     0.106      2.39        16       512     0.591     0.632     0.531      0.61      2.69      1.55      1.49
   106/249     7.72G      1.44     0.813     0.104      2.36        34       512     0.595     0.636     0.538     0.614      2.68      1.57      1.44
   107/249     7.72G      1.43     0.799     0.107      2.34        19       512     0.597      0.63     0.521     0.612      2.68       1.6      1.49
   108/249     7.72G      1.42     0.796    0.0916      2.31        15       512     0.602     0.632     0.525     0.616      2.69      1.57      1.48
   109/249     7.72G      1.42     0.799    0.0909      2.31        21       512     0.606     0.631     0.527     0.618      2.68      1.57      1.45
   110/249     7.72G      1.45     0.837     0.139      2.42        16       512     0.603     0.643     0.535     0.621      2.68      1.54      1.41
   111/249     7.72G      1.43      0.81     0.107      2.35        14       512     0.601     0.641     0.533      0.62      2.68      1.54      1.42
   112/249     7.72G      1.41     0.796     0.105      2.31        25       512      0.61     0.647      0.54     0.627      2.68      1.53      1.45
   113/249     7.72G       1.4     0.797    0.0978      2.29        34       512     0.602     0.639     0.535     0.619      2.69      1.55       1.5
   114/249     7.72G      1.41     0.792     0.105      2.31        10       512     0.611     0.644      0.53     0.626      2.69      1.56      1.49
   115/249     7.72G      1.39     0.793    0.0921      2.27        11       512     0.607     0.641     0.533     0.622      2.68      1.57      1.49
   116/249     7.72G      1.37     0.793    0.0869      2.25        23       512     0.611     0.635     0.528     0.622      2.69      1.59      1.48
   117/249     7.72G      1.38     0.778       0.1      2.25        21       512     0.616     0.639     0.535     0.627       2.7      1.59      1.44
   118/249     7.72G      1.36     0.775     0.091      2.23        11       512     0.613      0.64     0.534     0.625      2.72      1.62      1.38
   119/249     7.72G      1.37      0.79    0.0974      2.26        29       512     0.606     0.635     0.533     0.619      2.72      1.62       1.4
   120/249     7.72G      1.34     0.779    0.0811       2.2         6       512     0.612     0.636     0.536     0.623      2.71      1.62      1.43
   121/249     7.72G      1.34     0.769    0.0777      2.19        18       512     0.614     0.638     0.533     0.625       2.7      1.61      1.42
   122/249     7.72G      1.35     0.753    0.0856      2.19        14       512     0.615     0.633     0.536     0.623      2.69      1.62      1.41
   123/249     7.72G      1.34     0.758    0.0836      2.18        12       512     0.612     0.626     0.535     0.618      2.69      1.63      1.42
   124/249     7.72G      1.32     0.747    0.0855      2.15         9       512     0.624     0.634     0.536     0.627      2.69      1.63      1.44
   125/249     7.72G      1.33      0.75    0.0843      2.16        19       512     0.621     0.637     0.534     0.627      2.69      1.63      1.45
   126/249     7.72G       1.3     0.763    0.0794      2.14        21       512      0.63     0.636     0.531     0.631       2.7      1.64      1.45
   127/249     7.72G      1.29     0.738    0.0895      2.12        16       512     0.623     0.629     0.529     0.625       2.7      1.64      1.44
   128/249     7.72G      1.29     0.748    0.0802      2.12        28       512     0.619     0.629     0.533     0.623       2.7      1.65      1.44
   129/249     7.72G      1.29     0.746    0.0837      2.12        21       512     0.618     0.628     0.531     0.622       2.7      1.65      1.46
   130/249     7.72G       1.3     0.741    0.0832      2.13         8       512     0.624     0.635     0.534     0.628      2.69      1.64      1.44
   131/249     7.72G      1.29     0.741    0.0666       2.1        18       512     0.622     0.629     0.533     0.624      2.69      1.65      1.43
   132/249     7.72G      1.27     0.725    0.0654      2.06        13       512     0.615     0.626     0.531     0.619       2.7      1.66      1.42
   133/249     7.72G      1.28     0.714    0.0778      2.07        10       512     0.619     0.627     0.535     0.622       2.7      1.67      1.43
   134/249     7.72G      1.27     0.719    0.0761      2.07        11       512     0.613     0.623     0.533     0.617      2.69      1.68      1.44
   135/249     7.72G      1.26     0.716    0.0673      2.05        13       512     0.614     0.624     0.535     0.617      2.69      1.68      1.45
   136/249     7.72G      1.26      0.71    0.0675      2.03        10       512     0.619     0.622     0.535     0.619      2.69      1.68      1.45
   137/249     7.72G      1.25     0.719    0.0674      2.04        25       512     0.621     0.624     0.538     0.621      2.69      1.67      1.47
   138/249     7.72G      1.24     0.695    0.0646         2        15       512      0.62     0.623     0.537     0.621      2.69      1.67       1.5
   139/249     7.72G      1.24     0.709      0.07      2.02        27       512     0.615     0.623     0.536     0.618      2.69      1.66       1.5
   140/249     7.72G      1.23     0.706    0.0652         2        27       512     0.618     0.624     0.535      0.62      2.69      1.67      1.51
   141/249     7.72G      1.22     0.713    0.0825      2.02        17       512     0.623     0.623     0.535     0.622      2.69      1.68      1.49
   142/249     7.72G      1.22     0.708    0.0654         2        12       512     0.622     0.624     0.534     0.622      2.69      1.68      1.49
   143/249     7.72G      1.21     0.685     0.067      1.96        10       512     0.624     0.628     0.534     0.625      2.69      1.68      1.48
   144/249     7.72G      1.21     0.701    0.0721      1.99        14       512     0.624     0.628     0.536     0.625       2.7       1.7      1.48
   145/249     7.72G      1.21     0.698    0.0722      1.98        18       512     0.625     0.631     0.534     0.627       2.7      1.71      1.48
   146/249     7.72G      1.21     0.693    0.0732      1.97        22       512     0.624     0.626     0.537     0.624       2.7      1.71      1.48
   147/249     7.72G      1.19     0.683      0.07      1.94        10       512     0.625     0.626     0.534     0.624       2.7      1.71      1.49
   148/249     7.72G      1.18     0.684    0.0641      1.93        16       512     0.622     0.624      0.53     0.622       2.7      1.72       1.5
   149/249     7.72G      1.17     0.676    0.0536       1.9        25       512     0.621     0.621     0.531      0.62       2.7      1.72      1.51
   150/249     7.72G      1.17     0.678    0.0688      1.92        14       512     0.621     0.621     0.531      0.62       2.7      1.73      1.52
   151/249     7.72G      1.15     0.686    0.0612       1.9        24       512     0.622     0.624     0.531     0.622       2.7      1.73      1.52
   152/249     7.72G      1.16     0.669    0.0672       1.9        16       512     0.624     0.621     0.529     0.622      2.69      1.74      1.53
   153/249     7.72G      1.17      0.67     0.073      1.92        21       512     0.625     0.622     0.531     0.623      2.69      1.74      1.53
   154/249     7.72G      1.16     0.673    0.0598      1.89        25       512     0.627     0.623      0.53     0.624      2.69      1.74      1.53
   155/249     7.72G      1.15     0.667    0.0608      1.87         8       512     0.626     0.625     0.532     0.625      2.68      1.74      1.54
   156/249     7.72G      1.14     0.674    0.0525      1.87        13       512     0.625     0.625     0.532     0.624      2.68      1.75      1.55
   157/249     7.72G      1.13      0.64    0.0615      1.83        23       512     0.624     0.625     0.532     0.623      2.68      1.75      1.55
   158/249     7.72G      1.12      0.66    0.0588      1.84        15       512     0.624     0.625      0.53     0.624      2.68      1.75      1.55
   159/249     7.72G      1.14     0.659    0.0563      1.85        16       512     0.625     0.626     0.529     0.625      2.68      1.75      1.56
   160/249     7.72G      1.12     0.641    0.0526      1.81        24       512     0.624     0.625     0.529     0.623      2.68      1.76      1.56
   161/249     7.72G      1.13     0.652     0.064      1.84        20       512     0.625     0.626     0.529     0.624      2.68      1.76      1.56
   162/249     7.72G      1.12     0.649    0.0539      1.83        20       512     0.628     0.625      0.53     0.625      2.68      1.77      1.56
   163/249     7.72G       1.1      0.64    0.0567       1.8        10       512      0.63     0.624      0.53     0.626      2.68      1.77      1.55
   164/249     7.72G      1.09     0.627    0.0521      1.77        14       512     0.632     0.624     0.532     0.627      2.68      1.77      1.55
   165/249     7.72G      1.08     0.637    0.0501      1.77        22       512     0.633     0.622     0.531     0.626      2.69      1.78      1.56
   166/249     7.72G      1.09     0.643    0.0549      1.79        23       512     0.632     0.619     0.531     0.624      2.69      1.78      1.56
   167/249     7.72G      1.09      0.62    0.0487      1.76         6       512     0.629     0.618      0.53     0.622      2.69      1.79      1.57
   168/249     7.72G      1.07     0.612    0.0516      1.74        26       512     0.627     0.618     0.528     0.621      2.69      1.79      1.58
   169/249     7.72G      1.08     0.614    0.0474      1.74        12       512     0.624     0.617     0.527     0.619      2.69       1.8      1.57
   170/249     7.72G      1.07     0.612    0.0457      1.72        20       512     0.625     0.618     0.525      0.62      2.69       1.8      1.57
   171/249     7.72G      1.07     0.617    0.0491      1.73        12       512     0.626     0.616     0.526      0.62      2.69      1.81      1.58
   172/249     7.72G      1.05     0.618    0.0515      1.72        12       512     0.628     0.615     0.526      0.62      2.69      1.82      1.58
   173/249     7.72G      1.05     0.603    0.0442       1.7        16       512     0.628     0.617     0.527     0.621      2.69      1.82      1.58
   174/249     7.72G      1.04     0.611    0.0495       1.7        17       512     0.629     0.617     0.529     0.621      2.69      1.82      1.58
   175/249     7.72G      1.02     0.601    0.0368      1.66        21       512     0.628     0.615     0.528      0.62      2.69      1.82      1.58
   176/249     7.72G      1.03      0.61    0.0407      1.68        19       512     0.628     0.615     0.528      0.62      2.69      1.83      1.58
   177/249     7.72G      1.02     0.593    0.0401      1.65        14       512     0.628     0.613     0.528     0.619      2.69      1.83      1.58
   178/249     7.72G      1.02     0.591    0.0485      1.66        19       512     0.631     0.614     0.528     0.621      2.69      1.84      1.58
   179/249     7.72G      1.01     0.594    0.0434      1.65        40       512     0.631     0.611     0.528      0.62      2.69      1.84      1.59
   180/249     7.72G      1.01     0.603     0.042      1.66        18       512     0.631      0.61     0.528     0.619      2.69      1.84      1.59
   181/249     7.72G      1.01     0.591    0.0399      1.64        36       512     0.632     0.611     0.527      0.62      2.69      1.85      1.59
   182/249     7.72G      1.01     0.607    0.0399      1.66        34       512     0.632     0.611     0.526      0.62      2.69      1.85       1.6
   183/249     7.72G         1      0.58    0.0414      1.62        21       512     0.632     0.611     0.525      0.62      2.69      1.85       1.6
   184/249     7.72G     0.986     0.578    0.0446      1.61        25       512     0.631      0.61     0.524     0.619      2.69      1.86      1.61
   185/249     7.72G         1     0.579    0.0381      1.62        15       512     0.632     0.608     0.523     0.619      2.69      1.86      1.61
   186/249     7.72G     0.972     0.564    0.0381      1.57        15       512     0.632     0.607     0.522     0.618      2.69      1.86      1.62
   187/249     7.72G     0.979     0.573    0.0457       1.6        32       512     0.634     0.608     0.522     0.619      2.69      1.87      1.62
   188/249     7.72G     0.963      0.56    0.0405      1.56        11       512     0.636     0.609     0.523     0.621      2.69      1.87      1.62
   189/249     7.72G     0.963      0.57    0.0402      1.57        13       512     0.636     0.608     0.521      0.62      2.69      1.87      1.62
   190/249     7.72G     0.977     0.573    0.0379      1.59        21       512     0.637     0.609     0.521     0.621      2.69      1.88      1.63
   191/249     7.72G     0.951     0.559    0.0381      1.55        23       512     0.637     0.608     0.522     0.621      2.69      1.88      1.63
   192/249     7.72G     0.949     0.561    0.0326      1.54        13       512     0.638     0.609     0.521     0.622      2.69      1.88      1.63
   193/249     7.72G     0.949     0.571    0.0312      1.55        25       512     0.639     0.608      0.52     0.622      2.69      1.89      1.63
   194/249     7.72G     0.948     0.558    0.0407      1.55        17       512     0.639     0.607     0.519     0.621      2.69      1.89      1.63
   195/249     7.72G     0.932     0.555    0.0347      1.52        15       512      0.64     0.606     0.519     0.621      2.69      1.89      1.64
   196/249     7.72G      0.93     0.542    0.0279       1.5        17       512      0.64     0.606     0.518     0.621      2.69      1.89      1.64
   197/249     7.72G     0.934     0.551    0.0353      1.52         3       512     0.638     0.606     0.518      0.62      2.69       1.9      1.64
   198/249     7.72G     0.924     0.544    0.0383      1.51        17       512     0.636     0.605     0.517     0.619      2.69       1.9      1.64
   199/249     7.72G      0.92     0.549    0.0383      1.51        14       512     0.636     0.603     0.517     0.617      2.69       1.9      1.64
   200/249     7.72G     0.931     0.536    0.0403      1.51        14       512     0.637     0.603     0.516     0.618       2.7       1.9      1.64
   201/249     7.72G     0.921     0.539    0.0312      1.49        11       512     0.637     0.603     0.516     0.618       2.7      1.91      1.64
   202/249     7.72G      0.92      0.54    0.0326      1.49        33       512     0.638     0.603     0.515     0.619       2.7      1.91      1.65
   203/249     7.72G     0.929      0.55    0.0311      1.51        31       512     0.638     0.603     0.515     0.618       2.7      1.91      1.65
   204/249     7.72G     0.901     0.546    0.0303      1.48        12       512     0.638     0.603     0.516     0.618       2.7      1.91      1.65
   205/249     7.72G     0.908     0.537    0.0341      1.48        45       512     0.638     0.602     0.516     0.618       2.7      1.92      1.65
   206/249     7.72G     0.903     0.537    0.0324      1.47        17       512     0.638     0.602     0.515     0.618       2.7      1.92      1.65
   207/249     7.72G     0.888     0.537    0.0291      1.45        12       512     0.637     0.601     0.515     0.617       2.7      1.92      1.65
   208/249     7.72G     0.885     0.536    0.0297      1.45        10       512     0.638     0.601     0.515     0.617       2.7      1.92      1.65
   209/249     7.72G     0.886     0.528    0.0308      1.45        38       512      0.64     0.601     0.517     0.618       2.7      1.93      1.65
   210/249     7.72G      0.88     0.525    0.0345      1.44        14       512     0.638       0.6     0.516     0.616       2.7      1.93      1.65
   211/249     7.72G     0.888     0.527     0.031      1.45        25       512     0.638     0.599     0.516     0.616       2.7      1.93      1.65
   212/249     7.72G     0.875     0.536     0.029      1.44        10       512     0.638     0.598     0.515     0.616       2.7      1.94      1.65
   213/249     7.72G      0.88     0.511    0.0293      1.42        25       512     0.638     0.598     0.515     0.616       2.7      1.94      1.66
   214/249     7.72G     0.875      0.52    0.0295      1.42        22       512     0.637     0.596     0.514     0.614       2.7      1.94      1.66
   215/249     7.72G     0.864     0.509    0.0284       1.4        29       512     0.637     0.595     0.514     0.614       2.7      1.94      1.66
   216/249     7.72G     0.854     0.501    0.0348      1.39        14       512     0.637     0.595     0.514     0.614       2.7      1.95      1.66
   217/249     7.72G     0.865     0.514    0.0314      1.41        19       512     0.637     0.595     0.514     0.614       2.7      1.95      1.66
   218/249     7.72G     0.861     0.518    0.0319      1.41        12       512     0.637     0.597     0.513     0.614       2.7      1.95      1.66
   219/249     7.72G     0.855     0.504    0.0267      1.39        13       512     0.637     0.596     0.512     0.614       2.7      1.96      1.66
   220/249     7.72G     0.853     0.503    0.0323      1.39        15       512     0.637     0.597     0.512     0.614       2.7      1.96      1.66
   221/249     7.72G     0.847     0.499    0.0354      1.38        22       512     0.635     0.595      0.51     0.613       2.7      1.96      1.66
   222/249     7.72G     0.828      0.49    0.0264      1.34        20       512     0.635     0.595      0.51     0.612       2.7      1.96      1.66
   223/249     7.72G      0.84     0.506    0.0242      1.37        10       512     0.636     0.595      0.51     0.613       2.7      1.97      1.66
   224/249     7.72G     0.836     0.505    0.0288      1.37        14       512     0.636     0.594      0.51     0.613       2.7      1.97      1.66
   225/249     7.72G     0.849     0.494    0.0272      1.37        21       512     0.637     0.594     0.511     0.613       2.7      1.97      1.66
   226/249     7.72G     0.836     0.495    0.0311      1.36        15       512     0.637     0.593      0.51     0.612       2.7      1.97      1.66
   227/249     7.72G     0.829     0.494    0.0292      1.35        15       512     0.638     0.593      0.51     0.613       2.7      1.98      1.66
   228/249     7.72G     0.838     0.498    0.0272      1.36        14       512     0.638     0.593      0.51     0.613       2.7      1.98      1.66
   229/249     7.72G     0.839     0.506    0.0274      1.37        20       512     0.638     0.593     0.509     0.613       2.7      1.98      1.66
   230/249     7.72G     0.826     0.487    0.0257      1.34        16       512     0.638     0.592     0.509     0.612       2.7      1.98      1.66
   231/249     7.72G     0.812     0.483    0.0265      1.32        20       512     0.638     0.592     0.509     0.612       2.7      1.98      1.66
   232/249     7.72G     0.817     0.471    0.0296      1.32        13       512     0.637     0.591     0.508     0.611       2.7      1.99      1.66
   233/249     7.72G     0.817     0.496    0.0261      1.34        25       512     0.637      0.59     0.507     0.611       2.7      1.99      1.66
   234/249     7.72G      0.83     0.497    0.0286      1.36        14       512     0.637      0.59     0.507      0.61       2.7      1.99      1.66
   235/249     7.72G     0.829     0.498     0.028      1.36        14       512     0.637      0.59     0.507      0.61       2.7      1.99      1.66
   236/249     7.72G     0.835     0.498    0.0308      1.36        27       512     0.637      0.59     0.507      0.61      2.71      1.99      1.66
   237/249     7.72G      0.81     0.485    0.0278      1.32        19       512     0.637      0.59     0.507     0.611      2.71         2      1.67
   238/249     7.72G     0.807     0.479    0.0269      1.31        27       512     0.638      0.59     0.507     0.611      2.71         2      1.67
   239/249     7.72G     0.809     0.474    0.0282      1.31        38       512     0.638     0.589     0.507     0.611      2.71         2      1.67
   240/249     7.72G     0.807     0.485    0.0261      1.32        15       512     0.638     0.589     0.507     0.611      2.71         2      1.67
   241/249     7.72G     0.809      0.48    0.0267      1.32        28       512     0.639     0.589     0.507     0.611      2.71         2      1.67
   242/249     7.72G     0.811      0.48    0.0323      1.32         9       512     0.639     0.589     0.506     0.611      2.71      2.01      1.67
   243/249     7.72G     0.799     0.474    0.0312       1.3        15       512     0.639     0.589     0.507     0.611      2.71      2.01      1.67
   244/249     7.72G      0.81     0.485    0.0252      1.32        21       512      0.64     0.589     0.506     0.611      2.71      2.01      1.67
   245/249     7.72G     0.804     0.477    0.0294      1.31        12       512      0.64     0.589     0.506     0.612      2.71      2.01      1.67
   246/249     7.72G     0.799     0.481    0.0254       1.3        13       512     0.639     0.588     0.506     0.611      2.71      2.01      1.67
   247/249     7.72G     0.805     0.473    0.0251       1.3        27       512      0.64     0.588     0.506     0.611      2.71      2.02      1.67
   248/249     7.72G     0.794     0.473    0.0264      1.29        10       512     0.641     0.588     0.506     0.611      2.71      2.02      1.67
   249/249     7.72G     0.807     0.468    0.0263       1.3        28       512      0.64     0.587     0.506     0.611      2.71      2.02      1.67
